5 0.722222 0.377778 0.094444 0.203704
5 0.785417 0.537963 0.148611 0.083333
5 0.886111 0.541667 0.133333 0.183333
5 0.708333 0.543519 0.094444 0.135185
5 0.588194 0.745370 0.159722 0.138889
5 0.482639 0.748148 0.112500 0.151852
5 0.525000 0.628704 0.150000 0.101852
5 0.309722 0.685185 0.116667 0.181481
5 0.193056 0.614815 0.136111 0.092593
5 0.204861 0.541667 0.140278 0.131481
5 0.288889 0.517593 0.072222 0.153704
5 0.272917 0.300000 0.120833 0.103704
5 0.194444 0.176852 0.147222 0.072222
5 0.290972 0.098148 0.065278 0.159259
5 0.470139 0.224074 0.106944 0.144444
5 0.565278 0.310185 0.100000 0.172222