25 0.507812 0.954427 0.117188 0.091146
25 0.446777 0.403646 0.131836 0.127604
25 0.602539 0.372396 0.099609 0.072917
25 0.475098 0.241536 0.079102 0.173177
25 0.327637 0.808594 0.143555 0.247396
25 0.667969 0.942708 0.107422 0.114583
25 0.704590 0.643229 0.071289 0.109375
25 0.217773 0.332682 0.150391 0.066406
25 0.153809 0.391276 0.186523 0.097656
25 0.484375 0.725260 0.101562 0.125000
25 0.537598 0.846354 0.081055 0.072917
25 0.639160 0.847005 0.081055 0.045573
25 0.646973 0.773438 0.084961 0.075521
25 0.546387 0.759766 0.073242 0.063802
25 0.458984 0.510417 0.166016 0.135417
25 0.593750 0.568359 0.046875 0.066406
25 0.707520 0.796224 0.108398 0.139323
25 0.187500 0.604818 0.169922 0.157552
25 0.140625 0.864583 0.160156 0.270833