19 0.122473 0.496403 0.212286 0.155396
19 0.211509 0.387410 0.167963 0.179137
19 0.249611 0.561511 0.155521 0.192086
19 0.240669 0.701799 0.192068 0.117266
19 0.332426 0.794964 0.125194 0.151079
19 0.363530 0.658273 0.114308 0.145324
19 0.449067 0.767986 0.126750 0.147482
19 0.476283 0.618345 0.132970 0.190647
19 0.597589 0.503597 0.213841 0.126619
19 0.440513 0.349640 0.192068 0.132374
19 0.425350 0.226978 0.167963 0.151799
19 0.272551 0.291367 0.182737 0.145324
19 0.642691 0.815468 0.206065 0.194964
19 0.741835 0.672302 0.242613 0.167626
19 0.873250 0.574820 0.069984 0.119424
19 0.846812 0.520144 0.105754 0.067626
19 0.947512 0.552878 0.089425 0.087050
19 0.758554 0.407914 0.101866 0.146763
19 0.826983 0.342086 0.151633 0.117266
19 0.698289 0.345324 0.164852 0.084892
19 0.709565 0.268345 0.123639 0.142446
19 0.727838 0.172662 0.135303 0.086331
19 0.623250 0.260432 0.134526 0.136691
19 0.876750 0.080576 0.103421 0.159712
19 0.912131 0.161511 0.160187 0.108633
19 0.775272 0.121942 0.147745 0.137410
19 0.205677 0.173381 0.131415 0.149640
19 0.220840 0.078417 0.133748 0.083453
19 0.096034 0.119065 0.137636 0.105755