12 0.614545 0.538982 0.160000 0.140811
12 0.667273 0.556484 0.126061 0.110581
12 0.853939 0.507160 0.155152 0.120127
12 0.852424 0.570008 0.126667 0.163087
12 0.528788 0.611376 0.110909 0.115354
12 0.443636 0.828560 0.104242 0.182180
12 0.537576 0.292363 0.043636 0.196500
12 0.833636 0.359586 0.187273 0.176611
12 0.845455 0.117343 0.202424 0.072395
12 0.600000 0.123707 0.100606 0.073986
12 0.547576 0.101830 0.047879 0.117741
12 0.379394 0.642005 0.139394 0.120923
12 0.853030 0.441527 0.192121 0.092283