5 0.145937 0.386614 0.165625 0.206299
5 0.271250 0.400394 0.108750 0.175591
5 0.236875 0.614961 0.100000 0.214173
5 0.121563 0.553937 0.136875 0.134646
5 0.307188 0.574409 0.104375 0.139370
5 0.347813 0.634646 0.116875 0.141732
5 0.436250 0.749606 0.162500 0.277165
5 0.608125 0.709055 0.107500 0.142520
5 0.705937 0.584252 0.136875 0.113386
5 0.513437 0.581890 0.196875 0.181102
5 0.474062 0.177559 0.131875 0.181890
5 0.507812 0.304724 0.093125 0.203150
5 0.425938 0.303937 0.110625 0.198425
5 0.576875 0.211811 0.057500 0.146457
5 0.685937 0.234252 0.105625 0.093701
5 0.589688 0.344882 0.045625 0.097638
5 0.812187 0.368110 0.111875 0.140945