19 0.312173 0.643761 0.223822 0.304101
19 0.338514 0.408159 0.183573 0.207243
19 0.499346 0.605366 0.174084 0.299738
19 0.798266 0.285122 0.271270 0.258726
19 0.564791 0.305410 0.229058 0.238220
19 0.727749 0.109729 0.217277 0.218586
19 0.906904 0.429319 0.169830 0.195462
19 0.851603 0.586824 0.173102 0.192845
19 0.776505 0.444808 0.128927 0.136562
19 0.414921 0.880454 0.218586 0.239092
19 0.189136 0.899433 0.167539 0.201134
19 0.178010 0.734075 0.149869 0.168848
19 0.303665 0.853621 0.143325 0.188918
19 0.552847 0.831152 0.211060 0.315009