5 0.299000 0.647333 0.268000 0.252000
5 0.382000 0.757333 0.172000 0.328000
5 0.584000 0.633333 0.288000 0.253333
5 0.704000 0.448000 0.144000 0.240000
5 0.872000 0.396667 0.256000 0.230667
5 0.612000 0.382000 0.268000 0.222667
5 0.394500 0.394000 0.167000 0.289333
5 0.343000 0.198000 0.180000 0.273333
5 0.145500 0.062667 0.245000 0.122667
5 0.170000 0.483333 0.156000 0.294667
5 0.073000 0.728667 0.144000 0.177333
5 0.156000 0.810000 0.152000 0.321333
5 0.896000 0.244667 0.132000 0.220000
5 0.636500 0.252667 0.193000 0.150667
5 0.535000 0.093333 0.212000 0.146667