24 0.517291 0.108929 0.198847 0.196429
24 0.517291 0.821429 0.083573 0.207143
24 0.109510 0.780357 0.207493 0.267857
24 0.146974 0.537500 0.149856 0.253571
24 0.304035 0.194643 0.170029 0.253571
24 0.786744 0.251786 0.328530 0.239286
24 0.708934 0.150000 0.103746 0.092857
24 0.870317 0.792857 0.172911 0.128571
24 0.680115 0.725000 0.190202 0.200000
24 0.518732 0.587500 0.092219 0.246429
24 0.327089 0.566071 0.118156 0.275000
24 0.246398 0.316071 0.152738 0.275000
24 0.410663 0.375000 0.319885 0.228571
24 0.704611 0.548214 0.268012 0.232143