10 0.295821 0.628855 0.164223 0.205947
10 0.630132 0.497247 0.136364 0.162996
10 0.368035 0.233480 0.104839 0.146476
10 0.487903 0.103524 0.137830 0.133260
10 0.627933 0.316079 0.114370 0.135463
10 0.071848 0.226872 0.122434 0.139868
10 0.220674 0.425661 0.140029 0.116740
10 0.800587 0.853524 0.109238 0.111233
10 0.628299 0.153634 0.078446 0.099119
10 0.554802 0.960077 0.134531 0.079846
10 0.331195 0.064290 0.108138 0.128029
10 0.328446 0.794604 0.115103 0.196035
10 0.548021 0.186123 0.089443 0.131057