12 0.197667 0.177896 0.298000 0.281605
12 0.551000 0.204012 0.256667 0.305072
12 0.446333 0.272142 0.236667 0.156699
12 0.824000 0.195307 0.280000 0.323997
12 0.871333 0.646101 0.146667 0.489780
12 0.565333 0.774413 0.402667 0.230129
12 0.623000 0.528388 0.231333 0.192279
12 0.637000 0.454958 0.239333 0.121120
12 0.496333 0.544663 0.116667 0.196064
12 0.218667 0.454201 0.349333 0.125662
12 0.205667 0.387585 0.276667 0.096896
12 0.236333 0.638531 0.328667 0.171840
12 0.134667 0.782740 0.181333 0.222559
12 0.291333 0.757381 0.208000 0.132475