19 0.468268 0.833333 0.157600 0.279514
19 0.725984 0.598958 0.164931 0.265625
19 0.787133 0.430700 0.148341 0.165220
19 0.890336 0.625868 0.184606 0.235532
19 0.524306 0.648727 0.190972 0.159722
19 0.365355 0.702402 0.161651 0.247975
19 0.190008 0.724392 0.145062 0.214988
19 0.147666 0.510272 0.174576 0.194155
19 0.552566 0.429253 0.166860 0.235243
19 0.554398 0.246962 0.144290 0.213831
19 0.424769 0.276331 0.146219 0.237269
19 0.242091 0.349537 0.141975 0.200810
19 0.313368 0.195023 0.110147 0.173611
19 0.100887 0.651476 0.145062 0.206887