25 0.653125 0.713604 0.060417 0.119332
25 0.855208 0.421241 0.118750 0.140811
25 0.725000 0.507160 0.133333 0.121718
25 0.435417 0.713604 0.075000 0.090692
25 0.495833 0.632458 0.091667 0.105012
25 0.529167 0.602625 0.062500 0.112172
25 0.409375 0.536993 0.052083 0.081146
25 0.430208 0.442721 0.127083 0.116945
25 0.258333 0.613365 0.083333 0.162291
25 0.173958 0.579952 0.093750 0.119332
25 0.137500 0.491647 0.145833 0.124105
25 0.701042 0.714797 0.060417 0.097852
25 0.683333 0.620525 0.062500 0.138425
25 0.795833 0.599045 0.108333 0.105012