25 0.210370 0.779297 0.038519 0.035156
25 0.061481 0.927734 0.028148 0.058594
25 0.065926 0.883789 0.031111 0.044922
25 0.125926 0.863281 0.029630 0.070312
25 0.238519 0.916992 0.047407 0.041016
25 0.277778 0.703125 0.028148 0.070312
25 0.315556 0.684570 0.038519 0.060547
25 0.354815 0.703125 0.057778 0.042969
25 0.302963 0.950195 0.054815 0.052734
25 0.157778 0.758789 0.031111 0.025391
25 0.069630 0.657227 0.059259 0.060547
25 0.215556 0.687500 0.025185 0.031250
25 0.093333 0.919922 0.035556 0.062500
25 0.388148 0.817383 0.062222 0.083984
25 0.365185 0.746094 0.063704 0.078125
25 0.313333 0.777344 0.066667 0.046875
25 0.290370 0.861328 0.062222 0.054688
25 0.165185 0.808594 0.028148 0.062500
25 0.780000 0.886719 0.229630 0.156250
25 0.738519 0.730469 0.235556 0.156250
25 0.052593 0.231445 0.048889 0.048828
25 0.195556 0.418945 0.065185 0.087891
25 0.200000 0.218750 0.035556 0.035156
25 0.272593 0.263672 0.038519 0.042969
25 0.354074 0.155273 0.065185 0.076172
25 0.043704 0.343750 0.037037 0.101562
25 0.299259 0.225586 0.047407 0.041016
25 0.344444 0.302734 0.066667 0.058594
25 0.282222 0.384766 0.042963 0.078125
25 0.265185 0.307617 0.038519 0.041016
25 0.239259 0.223633 0.040000 0.029297
25 0.129630 0.328125 0.057778 0.078125
25 0.074074 0.182617 0.068148 0.099609
25 0.148148 0.184570 0.053333 0.083984
25 0.371852 0.401367 0.068148 0.072266