19 0.296250 0.429644 0.107500 0.195122
19 0.241250 0.567542 0.137500 0.163227
19 0.747500 0.798311 0.135000 0.196998
19 0.701875 0.704503 0.148750 0.106942
19 0.794375 0.587242 0.136250 0.120075
19 0.798125 0.484991 0.116250 0.129456
19 0.730625 0.503752 0.098750 0.174484
19 0.854375 0.341463 0.063750 0.146341
19 0.425000 0.366792 0.125000 0.181989
19 0.527500 0.394934 0.117500 0.193246
19 0.616875 0.360225 0.098750 0.131332
19 0.581875 0.245779 0.113750 0.142589
19 0.873750 0.247655 0.137500 0.131332
19 0.915000 0.812383 0.145000 0.311445
19 0.663750 0.612570 0.137500 0.163227
19 0.543125 0.609756 0.126250 0.101313
19 0.728125 0.166041 0.101250 0.129456
19 0.547500 0.184803 0.137500 0.129456
19 0.483125 0.784240 0.208750 0.303940