14 0.360000 0.522659 0.124444 0.283988
14 0.675000 0.218278 0.207778 0.285498
14 0.555000 0.085347 0.205556 0.167674
14 0.345556 0.078550 0.171111 0.154079
14 0.194444 0.493958 0.228889 0.268882
14 0.170000 0.780967 0.086667 0.287009
14 0.292222 0.856495 0.144444 0.277946
14 0.710000 0.934290 0.166667 0.131420
14 0.823889 0.888973 0.287778 0.122356
14 0.795556 0.718278 0.142222 0.240181
14 0.937222 0.777190 0.125556 0.086103
14 0.741667 0.366314 0.172222 0.149547
14 0.863333 0.282477 0.104444 0.244713