14 0.221111 0.304627 0.077778 0.110540
14 0.098889 0.330977 0.104444 0.057841
14 0.536667 0.365681 0.093333 0.168380
14 0.431111 0.377249 0.066667 0.104113
14 0.378333 0.289203 0.125556 0.087404
14 0.314444 0.235861 0.060000 0.047558
14 0.289444 0.295630 0.054444 0.107969
14 0.230000 0.235861 0.088889 0.044987
14 0.207778 0.176735 0.086667 0.047558
14 0.683333 0.392031 0.066667 0.161954
14 0.741111 0.447943 0.066667 0.152956
14 0.643333 0.309769 0.086667 0.102828
14 0.811111 0.562339 0.064444 0.091260
14 0.843333 0.621465 0.040000 0.168380
14 0.880556 0.493573 0.072222 0.077121
14 0.518333 0.672237 0.103333 0.077121
14 0.528333 0.607969 0.085556 0.071979
14 0.645556 0.704370 0.117778 0.120823