5 0.206256 0.162260 0.078876 0.218750
5 0.092475 0.265925 0.174977 0.131611
5 0.193336 0.369892 0.179964 0.147236
5 0.259746 0.533353 0.267452 0.148438
5 0.586809 0.652344 0.419311 0.255409
5 0.800317 0.205228 0.228921 0.207332
5 0.783318 0.416767 0.218495 0.147236
5 0.620127 0.230469 0.159565 0.260216
5 0.531732 0.153846 0.098821 0.299279
5 0.585675 0.430589 0.190390 0.179688
5 0.485267 0.306190 0.129193 0.185697
5 0.369447 0.453425 0.097915 0.168870
5 0.346328 0.155649 0.107888 0.159856
5 0.771985 0.917067 0.130553 0.165865
5 0.521985 0.832933 0.185403 0.188702