5 0.155864 0.220165 0.137346 0.152263
5 0.082562 0.392233 0.084877 0.185700
5 0.490934 0.791667 0.103009 0.199588
5 0.586420 0.719650 0.078704 0.253086
5 0.540123 0.592850 0.113426 0.137346
5 0.610147 0.495113 0.174769 0.177469
5 0.492091 0.246399 0.127701 0.242798
5 0.623457 0.118827 0.162037 0.138889
5 0.350116 0.935185 0.162423 0.129630
5 0.297068 0.809156 0.150463 0.091564
5 0.530093 0.920010 0.097994 0.159979
5 0.608989 0.885288 0.065201 0.153292
5 0.693866 0.829218 0.177083 0.152263
5 0.246528 0.304270 0.111883 0.179527