25 0.399306 0.353535 0.125000 0.121212
25 0.121528 0.378788 0.131944 0.121212
25 0.364583 0.515152 0.125000 0.202020
25 0.105903 0.727273 0.086806 0.181818
25 0.078125 0.578283 0.128472 0.146465
25 0.217014 0.747475 0.121528 0.191919
25 0.369792 0.704545 0.135417 0.176768
25 0.411458 0.871212 0.149306 0.227273
25 0.883681 0.446970 0.086806 0.176768
25 0.914931 0.227273 0.079861 0.181818
25 0.776042 0.242424 0.135417 0.080808
25 0.786458 0.106061 0.086806 0.141414
25 0.649306 0.242424 0.166667 0.313131
25 0.104167 0.189394 0.118056 0.146465
25 0.178819 0.103535 0.100694 0.186869
25 0.243056 0.186869 0.097222 0.111111