12 0.154000 0.512000 0.064000 0.108000
12 0.230000 0.594000 0.056000 0.112000
12 0.308000 0.739000 0.064000 0.114000
12 0.524000 0.654000 0.040000 0.080000
12 0.527000 0.758000 0.046000 0.112000
12 0.719000 0.740000 0.050000 0.112000
12 0.784000 0.628000 0.044000 0.092000
12 0.585000 0.345000 0.090000 0.046000
12 0.493000 0.370000 0.082000 0.080000
12 0.483000 0.214000 0.058000 0.072000
12 0.276000 0.314000 0.056000 0.068000
12 0.328000 0.448000 0.036000 0.068000
12 0.690000 0.267000 0.040000 0.110000
12 0.641000 0.333000 0.070000 0.098000
12 0.667000 0.509000 0.054000 0.074000
12 0.540000 0.598000 0.044000 0.092000
12 0.550000 0.452000 0.048000 0.076000
12 0.422000 0.502000 0.052000 0.068000
12 0.386000 0.205000 0.064000 0.066000
12 0.779000 0.258000 0.054000 0.072000
12 0.693000 0.629000 0.090000 0.062000
12 0.223000 0.153000 0.106000 0.050000