3 0.285645 0.644531 0.161133 0.148438
3 0.448242 0.628255 0.138672 0.102865
3 0.343262 0.544922 0.143555 0.105469
3 0.170898 0.392578 0.230469 0.121094
3 0.446777 0.269531 0.110352 0.117188
3 0.483398 0.144531 0.085938 0.161458
3 0.638672 0.197917 0.130859 0.143229
3 0.554688 0.086589 0.113281 0.113281
3 0.807129 0.729818 0.145508 0.261719
3 0.926270 0.733073 0.131836 0.263021
3 0.903320 0.543620 0.109375 0.128906
3 0.876465 0.373047 0.143555 0.102865
3 0.741211 0.320964 0.138672 0.087240
3 0.602539 0.544271 0.128906 0.072917
3 0.515137 0.685547 0.084961 0.191406
3 0.481445 0.514974 0.066406 0.118490
3 0.538574 0.427083 0.043945 0.130208
3 0.248047 0.147135 0.083984 0.098958
3 0.267578 0.046875 0.085938 0.088542
3 0.056641 0.112630 0.107422 0.087240
3 0.031738 0.218750 0.057617 0.109375
3 0.126465 0.208333 0.096680 0.117188
3 0.170898 0.574870 0.113281 0.105469
3 0.060059 0.682943 0.090820 0.131510
3 0.700195 0.064453 0.087891 0.102865