25 0.074074 0.440204 0.119929 0.183206
25 0.604938 0.639949 0.116402 0.190840
25 0.925044 0.657761 0.114638 0.165394
25 0.841270 0.608142 0.067019 0.122137
25 0.358907 0.307888 0.097002 0.101781
25 0.075838 0.617048 0.081129 0.155216
25 0.138448 0.829517 0.093474 0.132316
25 0.199295 0.652672 0.067019 0.155216
25 0.220459 0.408397 0.098765 0.170483
25 0.309524 0.106870 0.171076 0.167939
25 0.519400 0.052163 0.199295 0.099237
25 0.851852 0.131043 0.155203 0.119593
25 0.893298 0.363868 0.181658 0.300254
25 0.606702 0.337150 0.176367 0.216285
25 0.689594 0.381679 0.088183 0.173028
25 0.845679 0.893130 0.107584 0.213740
25 0.623457 0.829517 0.185185 0.183206
25 0.308642 0.877863 0.186949 0.244275
25 0.352734 0.726463 0.116402 0.129771
25 0.384480 0.591603 0.109347 0.104326
25 0.517637 0.589059 0.107584 0.104326
25 0.442681 0.800254 0.091711 0.272265