24 0.078042 0.262609 0.116402 0.125217
24 0.733466 0.892174 0.083333 0.111304
24 0.829365 0.606957 0.113757 0.073043
24 0.330688 0.729565 0.113757 0.140870
24 0.677249 0.791304 0.126984 0.107826
24 0.746693 0.460000 0.099206 0.161739
24 0.505952 0.632174 0.083333 0.102609
24 0.398810 0.545217 0.093915 0.106087
24 0.407407 0.830435 0.058201 0.182609
24 0.625661 0.659130 0.100529 0.166957
24 0.647487 0.306957 0.048942 0.203478
24 0.580026 0.568696 0.080688 0.086957
24 0.476190 0.420870 0.082011 0.149565