10 0.224461 0.356250 0.235239 0.123750
10 0.417057 0.234063 0.292409 0.179375
10 0.500937 0.069687 0.257732 0.138125
10 0.827085 0.410000 0.225867 0.153750
10 0.127929 0.597500 0.216495 0.128750
10 0.181350 0.481250 0.212746 0.101250
10 0.365979 0.732812 0.124649 0.114375
10 0.325679 0.827500 0.111528 0.072500
10 0.544986 0.725625 0.190253 0.125000
10 0.805998 0.264062 0.181818 0.099375
10 0.793814 0.181250 0.245548 0.171250
10 0.110122 0.264375 0.218369 0.143750
10 0.588566 0.557187 0.189316 0.128125