21 0.742676 0.656901 0.127930 0.214844
21 0.550781 0.792318 0.111328 0.160156
21 0.592285 0.574870 0.165039 0.147135
21 0.380859 0.753255 0.121094 0.160156
21 0.100586 0.417318 0.121094 0.162760
21 0.719727 0.122396 0.099609 0.125000
21 0.620117 0.074870 0.091797 0.147135
21 0.395508 0.539714 0.119141 0.191406
21 0.197266 0.544271 0.099609 0.210938
21 0.491699 0.840495 0.110352 0.204427
21 0.663086 0.707031 0.085938 0.122396
21 0.644531 0.463542 0.085938 0.065104
21 0.064453 0.297526 0.117188 0.136719
21 0.247070 0.756510 0.117188 0.083333