16 0.318359 0.199872 0.248047 0.287356
16 0.446777 0.593870 0.208008 0.321839
16 0.745605 0.678799 0.229492 0.174968
16 0.603516 0.431034 0.171875 0.177522
16 0.503906 0.128991 0.187500 0.183908
16 0.264648 0.398467 0.169922 0.199234
16 0.156250 0.231801 0.115234 0.251596
16 0.238281 0.666667 0.234375 0.186462
16 0.117188 0.823755 0.144531 0.183908
16 0.081055 0.627075 0.101562 0.212005
16 0.702148 0.319285 0.101562 0.150702
16 0.718750 0.486590 0.082031 0.178799
16 0.634277 0.107280 0.083008 0.209451
16 0.555176 0.284163 0.145508 0.164751
16 0.881836 0.306513 0.126953 0.250319
16 0.905762 0.141762 0.157227 0.117497
16 0.793945 0.173691 0.132812 0.125160
16 0.896484 0.673052 0.103516 0.247765
16 0.848633 0.847382 0.156250 0.177522
16 0.570312 0.779055 0.175781 0.196679
16 0.389160 0.818008 0.204102 0.177522
16 0.726562 0.878033 0.132812 0.118774
16 0.639648 0.930396 0.046875 0.111111
16 0.635254 0.807791 0.059570 0.141762