5 0.042870 0.791132 0.082240 0.179697
5 0.118110 0.683197 0.069991 0.094516
5 0.267279 0.799883 0.205599 0.236873
5 0.436570 0.831972 0.103237 0.156359
5 0.586177 0.800467 0.202975 0.219370
5 0.795713 0.844224 0.184602 0.204201
5 0.745407 0.614936 0.069991 0.158693
5 0.813648 0.625438 0.124234 0.140023
5 0.858268 0.597433 0.129484 0.147025
5 0.892826 0.343057 0.063867 0.140023
5 0.798775 0.367561 0.131234 0.168028
5 0.686789 0.384481 0.139983 0.099183
5 0.335958 0.291715 0.138233 0.193699
5 0.496063 0.284714 0.159230 0.294049
5 0.625109 0.088681 0.116360 0.149358