25 0.357887 0.164456 0.051536 0.058043
25 0.356845 0.371200 0.039042 0.062465
25 0.526288 0.197623 0.037480 0.056938
25 0.544768 0.333333 0.047371 0.068546
25 0.624154 0.245992 0.044768 0.056385
25 0.660593 0.203980 0.037480 0.034273
25 0.249610 0.405749 0.076523 0.065229
25 0.182197 0.370647 0.094742 0.093422
25 0.288652 0.262576 0.073399 0.055279
25 0.398490 0.354616 0.040083 0.090105
25 0.131702 0.846600 0.084331 0.148701
25 0.083550 0.748203 0.057782 0.091211
25 0.679073 0.717247 0.103592 0.181868
25 0.589016 0.567441 0.106715 0.148701
25 0.663457 0.350470 0.051536 0.047540
25 0.418011 0.239082 0.073920 0.058043
25 0.345393 0.284688 0.039042 0.051962