26 0.634694 0.241803 0.089796 0.095628
26 0.382653 0.658470 0.083673 0.142077
26 0.708163 0.185792 0.077551 0.120219
26 0.069388 0.510929 0.134694 0.267760
26 0.112245 0.700820 0.118367 0.112022
26 0.127551 0.833333 0.083673 0.142077
26 0.184694 0.855191 0.063265 0.174863
26 0.268367 0.924863 0.104082 0.150273
26 0.371429 0.942623 0.069388 0.114754
26 0.737755 0.804645 0.083673 0.112022
26 0.846939 0.647541 0.061224 0.114754
26 0.658163 0.475410 0.112245 0.153005
26 0.682653 0.621585 0.042857 0.084699
26 0.562245 0.407104 0.067347 0.065574
26 0.798980 0.236339 0.173469 0.122951
26 0.711224 0.393443 0.091837 0.169399
26 0.598980 0.762295 0.059184 0.060109
26 0.447959 0.815574 0.067347 0.068306
26 0.524490 0.644809 0.057143 0.065574
26 0.312245 0.698087 0.065306 0.106557
26 0.222449 0.681694 0.077551 0.128415