8 0.133488 0.598657 0.152006 0.283058
8 0.201775 0.412190 0.128086 0.333678
8 0.164738 0.139979 0.209877 0.272727
8 0.903356 0.113636 0.144676 0.226240
8 0.945216 0.507231 0.101080 0.639463
8 0.516204 0.886105 0.233796 0.227789
8 0.318673 0.629649 0.116512 0.361570
8 0.500386 0.448864 0.143519 0.169421
8 0.420910 0.694215 0.240741 0.137397
8 0.853009 0.762913 0.279321 0.183884
8 0.593364 0.300103 0.127315 0.150826
8 0.731867 0.219525 0.104938 0.221074
8 0.261960 0.913998 0.148148 0.172004
8 0.097801 0.849432 0.070602 0.301136