5 0.163947 0.156923 0.093240 0.104615
5 0.172106 0.283077 0.106449 0.083077
5 0.053613 0.342308 0.096348 0.096923
5 0.148407 0.413462 0.088578 0.094615
5 0.326340 0.213846 0.090132 0.141538
5 0.466200 0.283077 0.147630 0.089231
5 0.492618 0.173462 0.125874 0.123846
5 0.556721 0.218077 0.142191 0.074615
5 0.326340 0.325385 0.108780 0.078462
5 0.149961 0.505000 0.083916 0.106923
5 0.245532 0.523462 0.118104 0.080769
5 0.408702 0.415000 0.111888 0.097692
5 0.374903 0.481923 0.117327 0.086923
5 0.082751 0.110385 0.090909 0.106923
5 0.639083 0.426923 0.075369 0.124615
5 0.715229 0.485385 0.134421 0.109231
5 0.612277 0.523462 0.074592 0.125385
5 0.657731 0.615385 0.100233 0.083077
5 0.735431 0.639615 0.108003 0.103846
5 0.837218 0.640769 0.100233 0.081538
5 0.803807 0.743462 0.118881 0.106923
5 0.672106 0.764615 0.090132 0.104615
5 0.700466 0.946154 0.104895 0.104615
5 0.608392 0.938462 0.074592 0.118462
5 0.528361 0.901154 0.080808 0.119231
5 0.653458 0.850000 0.177156 0.072308
5 0.282051 0.862308 0.087024 0.064615
5 0.243201 0.935769 0.074592 0.105385
5 0.215618 0.842308 0.089355 0.089231
5 0.260684 0.784231 0.112665 0.068462
5 0.275447 0.655000 0.095571 0.153077
5 0.200466 0.630000 0.083916 0.138462
5 0.392385 0.696923 0.101010 0.089231
5 0.477078 0.576154 0.079254 0.124615
5 0.509324 0.653462 0.098679 0.086923
5 0.602953 0.687308 0.097902 0.094615