25 0.535156 0.653285 0.152344 0.135766
25 0.583984 0.554745 0.044922 0.087591
25 0.130371 0.948905 0.036133 0.087591
25 0.144531 0.827737 0.044922 0.093431
25 0.179688 0.844526 0.039062 0.065693
25 0.405762 0.475912 0.057617 0.055474
25 0.399902 0.581752 0.067383 0.106569
25 0.675781 0.646715 0.083984 0.075912
25 0.924805 0.527007 0.150391 0.105109
25 0.820801 0.560584 0.055664 0.093431
25 0.621582 0.348905 0.049805 0.119708
25 0.660156 0.532847 0.068359 0.125547
25 0.724121 0.560584 0.047852 0.090511
25 0.247559 0.681022 0.049805 0.083212
25 0.308594 0.702190 0.070312 0.119708
25 0.197266 0.749635 0.039062 0.091971
25 0.251465 0.845985 0.040039 0.091971
25 0.248535 0.493431 0.065430 0.064234
25 0.553223 0.405839 0.067383 0.166423
25 0.755859 0.383212 0.048828 0.162044
25 0.538086 0.790511 0.138672 0.100730
25 0.678223 0.894161 0.112305 0.132847
25 0.460449 0.688321 0.051758 0.086131
25 0.393555 0.675912 0.068359 0.090511
25 0.223633 0.610219 0.064453 0.090511
25 0.251953 0.388321 0.068359 0.102190
25 0.288086 0.324818 0.074219 0.129927
25 0.083008 0.540146 0.119141 0.198540
25 0.052734 0.764234 0.103516 0.179562
25 0.348633 0.928467 0.166016 0.125547
25 0.394043 0.810949 0.149414 0.156204
25 0.415039 0.783942 0.070312 0.108029